5 0.7671875 0.54296875 0.078515625 0.048046875
5 0.690625 0.58984375 0.07578125 0.04609375
5 0.39296875 0.54375 0.07890625 0.04609375
5 0.315625 0.0859375 0.07578125 0.04765625
6 0.24296875 0.31796875 0.0953125 0.06171875
3 0.23984375 0.26875 0.076171875 0.046484375
3 0.02734375 0.58984375 0.0546875 0.045703125
5 0.02578125 0.86640625 0.0515625 0.04765625
4 0.2390625 0.45546875 0.025390625 0.032421875
3 0.3140625 0.45390625 0.07890625 0.04609375
4 0.31875 0.68515625 0.05078125 0.03203125
5 0.39453125 0.6359375 0.07578125 0.04609375
4 0.3296875 0.9171875 0.05 0.02890625
5 0.39140625 0.86640625 0.07578125 0.04765625
6 0.084375 0.6359375 0.07890625 0.04921875
6 0.24140625 0.7296875 0.084375 0.04921875
3 0.39296875 0.45390625 0.079296875 0.045703125
3 0.23984375 0.86640625 0.07578125 0.04765625
6 0.3171875 0.81796875 0.084375 0.0515625
6 0.54375 0.04140625 0.084375 0.053125
3 0.46953125 0.86484375 0.076171875 0.045703125
4 0.24453125 0.640625 0.03671875 0.0296875
6 0.3140625 0.6359375 0.078515625 0.049609375
5 0.7671875 0.68203125 0.07890625 0.04921875
5 0.76171875 0.77421875 0.06015625 0.04375
6 0.84296875 0.40703125 0.084375 0.0515625
9 0.5171875 0.46953125 0.07109375 0.0546875
6 0.61953125 0.45234375 0.084375 0.053125
6 0.16328125 0.36171875 0.084375 0.0515625
8 0.51328125 0.48046875 0.1328125 0.0765625
6 0.4734375 0.4140625 0.09921875 0.0625
3 0.46953125 0.3625 0.076171875 0.046484375
4 0.47421875 0.31640625 0.05078125 0.05
5 0.53359375 0.26796875 0.05703125 0.04375
6 0.16640625 0.040625 0.07890625 0.0515625
10 0.61484375 0.81171875 0.184375 0.1265625
10 0.8203125 0.8125 0.159765625 0.125
4 0.31796875 0.7296875 0.073046875 0.05
10 0.39609375 0.70703125 0.096875 0.057421875
6 0.16640625 0.6359375 0.07890625 0.04921875
4 0.84609375 0.59140625 0.0359375 0.02421875
6 0.16875 0.22109375 0.09921875 0.06875
6 0.17109375 0.1765625 0.1046875 0.05625
6 0.23828125 0.13125 0.084375 0.053125
6 0.0859375 0.22421875 0.07578125 0.04765625
10 0.61171875 0.3265625 0.25703125 0.1875
6 0.46796875 0.72734375 0.084375 0.053125
6 0.46953125 0.8171875 0.08125 0.049609375
4 0.7671875 0.50078125 0.03515625 0.017578125
6 0.61953125 0.90625 0.090625 0.040625
4 0.46796875 0.6359375 0.0359375 0.016015625
4 0.5421875 0.17890625 0.05625 0.048828125
4 0.390625 0.22265625 0.059375 0.040625
6 0.09296875 0.50078125 0.110546875 0.063671875
6 0.09609375 0.45546875 0.0984375 0.0546875
4 0.16875 0.41015625 0.049609375 0.0265625
4 0.8515625 0.50390625 0.03359375 0.046875
6 0.76796875 0.9078125 0.10390625 0.05078125
6 0.67578125 0.0390625 0.073046875 0.06015625
6 0.6703125 0.178125 0.0421875 0.059375
6 0.0375 0.83046875 0.06875 0.0375