5 0.07890625 0.3625 0.07890625 0.04609375
5 0.453125 0.3625 0.07890625 0.04609375
5 0.07890625 0.6796875 0.079296875 0.046484375
5 0.68125 0.63515625 0.075390625 0.04375
6 0.52734375 0.22578125 0.08125 0.0515625
5 0.0796875 0.45234375 0.07578125 0.04609375
3 0.453125 0.0875 0.078515625 0.046484375
3 0.37578125 0.81953125 0.07578125 0.04921875
3 0.68125 0.31484375 0.07578125 0.04609375
3 0.83046875 0.40625 0.07890625 0.04921875
6 0.02890625 0.31484375 0.05703125 0.053125
3 0.07890625 0.2703125 0.07890625 0.04921875
6 0.30546875 0.26796875 0.084375 0.0515625
3 0.4515625 0.86640625 0.08125 0.048046875
5 0.68125 0.68203125 0.07578125 0.04921875
5 0.60390625 0.68203125 0.079296875 0.048828125
3 0.88515625 0.4546875 0.0359375 0.04765625
5 0.30546875 0.4046875 0.07265625 0.04921875
3 0.15546875 0.68203125 0.07578125 0.04921875
3 0.88515625 0.90703125 0.0359375 0.0421875
3 0.15390625 0.17734375 0.073046875 0.045703125
3 0.15390625 0.81953125 0.079296875 0.048828125
10 0.3046875 0.14296875 0.2375 0.20546875
5 0.215625 0.0875 0.05078125 0.046484375
10 0.29921875 0.62578125 0.1875 0.125
6 0.60234375 0.315625 0.08125 0.047265625
10 0.07890625 0.52578125 0.096875 0.053125
3 0.38203125 0.0875 0.06953125 0.04609375
4 0.52734375 0.821875 0.03359375 0.01796875
5 0.37578125 0.40859375 0.076171875 0.045703125
10 0.65390625 0.51171875 0.1 0.058203125
3 0.02109375 0.26796875 0.0421875 0.048046875
5 0.45 0.590625 0.072265625 0.04375
6 0.15546875 0.31484375 0.08125 0.04921875
10 0.53046875 0.62578125 0.195703125 0.128125
4 0.37578125 0.77421875 0.03359375 0.01796875
10 0.0796875 0.890625 0.1 0.053125
6 0.15546875 0.22421875 0.08125 0.04765625
6 0.02265625 0.6328125 0.0453125 0.0546875
4 0.15546875 0.45390625 0.040625 0.0234375
6 0.228125 0.40859375 0.08125 0.04921875
5 0.02109375 0.8296875 0.0421875 0.02578125
3 0.30390625 0.77265625 0.08125 0.04765625
6 0.02109375 0.45390625 0.0421875 0.048828125
10 0.76015625 0.06875 0.20234375 0.1046875
6 0.83359375 0.3203125 0.1 0.05390625
10 0.8734375 0.3109375 0.05390625 0.078515625
3 0.6796875 0.1328125 0.09375 0.05703125
6 0.15546875 0.54453125 0.096875 0.0578125
2 0.84140625 0.66015625 0.1015625 0.06875
2 0.609375 0.96953125 0.10625 0.0609375