5 0.325 0.69453125 0.07578125 0.04609375
5 0.4015625 0.69375 0.07265625 0.04765625
5 0.03203125 0.190625 0.06328125 0.04765625
5 0.47734375 0.7859375 0.07890625 0.04609375
5 0.10859375 0.740625 0.06015625 0.04921875
3 0.47734375 0.23515625 0.07890625 0.04375
6 0.25390625 0.14296875 0.084375 0.0515625
3 0.553125 0.05390625 0.07890625 0.04609375
5 0.70546875 0.9140625 0.07578125 0.02578125
5 0.6296875 0.18984375 0.07578125 0.04609375
3 0.3296875 0.05390625 0.07890625 0.04609375
3 0.10234375 0.55625 0.07890625 0.04375
3 0.178125 0.46640625 0.07265625 0.04765625
3 0.47734375 0.37265625 0.07890625 0.04765625
6 0.628125 0.28359375 0.084375 0.04921875
6 0.4015625 0.14375 0.084375 0.04921875
3 0.70390625 0.41796875 0.07890625 0.04765625
6 0.5515625 0.51171875 0.08125 0.0515625
6 0.6296875 0.09921875 0.08125 0.04765625
3 0.03203125 0.55625 0.06328125 0.04375
3 0.403125 0.371875 0.06953125 0.04609375
6 0.70390625 0.7859375 0.084375 0.053125
3 0.25703125 0.5109375 0.07890625 0.04921875
5 0.47578125 0.878125 0.07578125 0.04921875
5 0.24296875 0.37265625 0.05703125 0.04375
3 0.4 0.01953125 0.07578125 0.02421875
6 0.1765625 0.9109375 0.0875 0.02734375
6 0.39765625 0.2796875 0.07578125 0.04921875
6 0.47734375 0.28203125 0.084375 0.04921875
10 0.8703125 0.321875 0.06015625 0.0421875
6 0.85234375 0.51171875 0.090625 0.0515625
4 0.1796875 0.74296875 0.0453125 0.01796875
10 0.7828125 0.36796875 0.19296875 0.13359375
6 0.325 0.7390625 0.08125 0.0515625
10 0.3203125 0.8890625 0.1875 0.07890625
4 0.553125 0.6953125 0.03046875 0.01796875
10 0.3203125 0.4328125 0.26015625 0.190625
11 0.7890625 0.45 0.0828125 0.06328125
4 0.84921875 0.46484375 0.0359375 0.0203125
10 0.10234375 0.81171875 0.096875 0.053125
10 0.55625 0.8875 0.19296875 0.0828125
4 0.1046875 0.334375 0.04921875 0.0375
11 0.11875 0.64609375 0.08359375 0.06484375