6 0.18515625 0.559375 0.085546875 0.05625
5 0.25078125 0.5109375 0.07265625 0.04609375
5 0.55 0.69453125 0.078515625 0.045703125
6 0.55390625 0.14609375 0.1078125 0.057421875
5 0.6296875 0.09921875 0.075390625 0.04375
5 0.3234375 0.05390625 0.07265625 0.04609375
5 0.3234375 0.14375 0.072265625 0.046484375
5 0.55 0.09921875 0.07890625 0.04375
5 0.3234375 0.7390625 0.07265625 0.04765625
6 0.175 0.2359375 0.084375 0.04921875
4 0.25703125 0.42578125 0.04296875 0.02890625
5 0.3234375 0.37421875 0.07265625 0.04375
6 0.24453125 0.14375 0.079296875 0.049609375
3 0.178125 0.46484375 0.072265625 0.045703125
5 0.5515625 0.83125 0.08125 0.047265625
3 0.1765625 0.37421875 0.075390625 0.04375
6 0.47421875 0.6484375 0.084375 0.053125
5 0.85234375 0.37421875 0.079296875 0.04375
6 0.25078125 0.3296875 0.084375 0.04921875
9 0.44609375 0.4734375 0.0546875 0.0453125
3 0.55 0.46484375 0.078515625 0.045703125
3 0.70234375 0.5578125 0.076171875 0.047265625
3 0.3984375 0.37265625 0.078515625 0.04375
4 0.7703125 0.51171875 0.0421875 0.01796875
3 0.1015625 0.91171875 0.07578125 0.0296875
6 0.24609375 0.0203125 0.0875 0.025390625
4 0.40078125 0.146875 0.02421875 0.028125
6 0.47109375 0.09921875 0.07890625 0.04765625
4 0.625 0.4671875 0.03671875 0.02109375
10 0.3296875 0.58359375 0.096875 0.0546875
10 0.78125 0.3390625 0.190625 0.084375
6 0.4 0.01796875 0.08125 0.026171875
5 0.6796875 0.05390625 0.030859375 0.045703125
10 0.5515625 0.31796875 0.184375 0.1265625
6 0.70078125 0.41796875 0.084375 0.048046875
10 0.0828125 0.5234375 0.165625 0.203125
6 0.3984375 0.32578125 0.078515625 0.045703125
10 0.175 0.81171875 0.102734375 0.057421875
10 0.33203125 0.8796875 0.2296875 0.096875
5 0.85078125 0.9140625 0.07578125 0.02578125
10 0.325 0.2171875 0.09375 0.056640625
4 0.24609375 0.740625 0.0515625 0.027734375
3 0.628125 0.5109375 0.078515625 0.046484375
10 0.47421875 0.7859375 0.108203125 0.090234375
6 0.70078125 0.46484375 0.084375 0.04921875
3 0.6265625 0.7390625 0.069140625 0.047265625
6 0.7046875 0.83203125 0.103125 0.065625
9 0.72734375 0.80546875 0.0671875 0.05078125
6 0.39609375 0.2359375 0.084375 0.049609375
8 0.4390625 0.484375 0.1328125 0.0703125
1 0.52109375 0.2375 0.1671875 0.08828125
1 0.89765625 0.59921875 0.046875 0.05390625
6 0.553125 0.421875 0.11015625 0.0578125
6 0.628125 0.6921875 0.09765625 0.059375
6 0.7078125 0.74140625 0.08984375 0.0625
6 0.03359375 0.16171875 0.06640625 0.0296875
6 0.10625 0.1625 0.10234375 0.03046875
6 0.6265625 0.9125 0.10390625 0.0375
6 0.77734375 0.603125 0.113671875 0.0625
4 0.7046875 0.0140625 0.050390625 0.021875
4 0.7765625 0.01015625 0.04140625 0.01953125
6 0.1734375 0.91171875 0.103515625 0.036328125
4 0.24921875 0.87578125 0.05546875 0.02265625