6 0.59921875 0.3734375 0.0875 0.06015625
5 0.596875 0.32578125 0.075390625 0.045703125
6 0.5921875 0.509375 0.091015625 0.065234375
3 0.66796875 0.509375 0.079296875 0.049609375
9 0.0828125 0.62734375 0.090625 0.0546875
3 0.140625 0.646875 0.07578125 0.04921875
5 0.2171875 0.0984375 0.078515625 0.046484375
5 0.4453125 0.23515625 0.07578125 0.04375
3 0.74296875 0.46328125 0.073046875 0.048828125
3 0.06796875 0.371875 0.076171875 0.046484375
5 0.36875 0.83046875 0.07890625 0.04921875
5 0.4453125 0.27890625 0.075390625 0.048046875
6 0.215625 0.73671875 0.0875 0.053125
6 0.36875 0.690625 0.084375 0.053125
5 0.3671875 0.27890625 0.08125 0.048046875
3 0.36875 0.91171875 0.078515625 0.0296875
5 0.140625 0.01796875 0.07578125 0.02578125
3 0.44375 0.78359375 0.07890625 0.04765625
5 0.21484375 0.18984375 0.07265625 0.04609375
3 0.2203125 0.87734375 0.09140625 0.065625
3 0.29296875 0.87578125 0.073046875 0.048828125
6 0.21875 0.64765625 0.08125 0.0515625
3 0.66171875 0.05078125 0.060546875 0.045703125
3 0.1390625 0.4171875 0.078515625 0.049609375
3 0.215625 0.4625 0.08125 0.05078125
6 0.06953125 0.32578125 0.084375 0.04609375
6 0.74296875 0.87421875 0.090625 0.053125
5 0.0953125 0.73671875 0.02734375 0.04921875
5 0.06796875 0.60859375 0.076171875 0.035546875
6 0.215625 0.32421875 0.08125 0.048828125
6 0.01796875 0.5546875 0.0359375 0.053125
10 0.52265625 0.68359375 0.1875 0.12265625
10 0.084375 0.8859375 0.162890625 0.080859375
10 0.29453125 0.22265625 0.195703125 0.130078125
4 0.140625 0.371875 0.033984375 0.01953125
10 0.07890625 0.2265625 0.15703125 0.1265625
11 0.2171875 0.4265625 0.0984375 0.06484375
4 0.29296875 0.4203125 0.0359375 0.018359375
6 0.2171875 0.371875 0.078515625 0.049609375
10 0.64765625 0.2328125 0.06953125 0.0953125
10 0.02265625 0.67578125 0.0453125 0.06796875
10 0.6734375 0.90859375 0.072265625 0.036328125
8 0.4578125 0.49609375 0.1375 0.0546875
9 0.4546875 0.48046875 0.04375 0.042578125
8 0.6046875 0.0328125 0.134375 0.046484375
9 0.60234375 0.02265625 0.05625 0.036328125
6 0.671875 0.37109375 0.0921875 0.05859375
6 0.7515625 0.371875 0.087890625 0.056640625
3 0.81875 0.3703125 0.10234375 0.0546875
8 0.81484375 0.334375 0.1234375 0.0609375
9 0.81484375 0.3265625 0.053125 0.065625
3 0.5203125 0.78359375 0.100390625 0.054296875
6 0.59765625 0.82890625 0.09765625 0.0515625
6 0.5953125 0.7828125 0.102734375 0.05859375
10 0.69140625 0.65625 0.265625 0.196875
6 0.5875 0.59921875 0.08671875 0.0515625
6 0.82265625 0.46328125 0.096875 0.05625
6 0.87890625 0.4171875 0.055078125 0.05859375
6 0.74765625 0.4171875 0.0953125 0.05390625
6 0.1453125 0.5984375 0.103515625 0.05625
6 0.1453125 0.83046875 0.1078125 0.0625