5 0.60859375 0.79140625 0.07578125 0.04921875
5 0.53359375 0.83671875 0.07578125 0.04765625
4 0.390625 0.15 0.05546875 0.03984375
5 0.4609375 0.1515625 0.07578125 0.04609375
6 0.10546875 0.74140625 0.0578125 0.0421875
4 0.08984375 0.703125 0.05234375 0.03046875
3 0.15859375 0.7 0.07578125 0.04609375
6 0.08828125 0.83828125 0.096875 0.05546875
5 0.16015625 0.83671875 0.07265625 0.04375
6 0.384375 0.7921875 0.096875 0.0609375
3 0.4625 0.74609375 0.07890625 0.04921875
3 0.2359375 0.6546875 0.07890625 0.04765625
5 0.2359375 0.47265625 0.07890625 0.04609375
5 0.0828125 0.88359375 0.07578125 0.04609375
3 0.6828125 0.60703125 0.07890625 0.04765625
5 0.684375 0.10390625 0.07578125 0.04609375
6 0.23671875 0.91484375 0.10078125 0.0328125
5 0.3109375 0.8828125 0.07265625 0.04765625
3 0.2359375 0.74609375 0.07890625 0.04921875
3 0.2359375 0.83671875 0.07890625 0.04765625
3 0.68828125 0.51875 0.09296875 0.05703125
5 0.76171875 0.51640625 0.07265625 0.04921875
6 0.16015625 0.42578125 0.1015625 0.06015625
6 0.1625 0.378125 0.09140625 0.05859375
6 0.23671875 0.3796875 0.109375 0.0640625
3 0.2359375 0.33203125 0.07890625 0.04375
3 0.03046875 0.19375 0.0609375 0.05390625
3 0.0828125 0.1984375 0.07578125 0.04765625
3 0.16015625 0.88359375 0.07265625 0.04609375
3 0.02421875 0.24140625 0.0484375 0.053125
6 0.38671875 0.60859375 0.090625 0.053125
5 0.534375 0.915625 0.07890625 0.021875
3 0.76171875 0.915625 0.07890625 0.021875
10 0.6828125 0.41484375 0.19296875 0.128125
10 0.3125 0.22265625 0.1 0.05703125
6 0.60703125 0.0578125 0.084375 0.053125
10 0.60859375 0.196875 0.11171875 0.096875
10 0.46953125 0.340625 0.2625 0.18515625
3 0.4625 0.56328125 0.07890625 0.04765625
4 0.38359375 0.8390625 0.0359375 0.0203125
6 0.234375 0.78984375 0.08125 0.04609375
6 0.83828125 0.51796875 0.08125 0.04921875
6 0.38828125 0.8828125 0.0875 0.0515625
6 0.02578125 0.471875 0.0515625 0.0515625
6 0.08125 0.4265625 0.084375 0.04921875
6 0.46015625 0.70390625 0.096875 0.05859375
4 0.4625 0.65390625 0.0421875 0.02421875
4 0.60859375 0.8390625 0.03359375 0.0203125
6 0.52421875 0.51796875 0.10546875 0.053125
6 0.53203125 0.70078125 0.084375 0.0515625
10 0.02578125 0.34765625 0.0515625 0.1265625
8 0.22265625 0.15859375 0.1421875 0.04765625
9 0.2203125 0.1359375 0.05703125 0.0578125
9 0.446875 0.48359375 0.10625 0.06796875
3 0.8375 0.38046875 0.0890625 0.0546875
3 0.890625 0.37890625 0.0328125 0.0515625
4 0.7625 0.83984375 0.05078125 0.03046875
4 0.23671875 0.5671875 0.05859375 0.03828125
4 0.02890625 0.65703125 0.05703125 0.0453125
6 0.76875 0.10078125 0.0953125 0.0484375
6 0.83828125 0.8375 0.1046875 0.06015625
6 0.10625 0.78828125 0.06640625 0.04765625
6 0.3078125 0.47109375 0.09765625 0.06015625
6 0.4828125 0.0140625 0.1328125 0.028125
6 0.1265625 0.0171875 0.253125 0.03125
6 0.31796875 0.7453125 0.0953125 0.0625
6 0.60703125 0.7453125 0.103125 0.05625