5 0.725 0.33125 0.07890625 0.04609375
5 0.4984375 0.83671875 0.07890625 0.04765625
11 0.13359375 0.65234375 0.084375 0.059375
6 0.19765625 0.65390625 0.09609375 0.05703125
5 0.19921875 0.60625 0.079296875 0.049609375
5 0.34453125 0.103125 0.079296875 0.04375
5 0.57578125 0.240625 0.076171875 0.047265625
6 0.19921875 0.3328125 0.090625 0.053125
3 0.34609375 0.46875 0.08125 0.049609375
5 0.19921875 0.74296875 0.079296875 0.048046875
6 0.12265625 0.56171875 0.0875 0.0515625
3 0.34609375 0.87890625 0.07578125 0.04765625
5 0.57421875 0.2875 0.07265625 0.04921875
3 0.271875 0.65390625 0.072265625 0.045703125
3 0.42265625 0.88203125 0.07265625 0.04921875
3 0.57578125 0.790625 0.076171875 0.047265625
3 0.0453125 0.2875 0.078515625 0.049609375
5 0.19765625 0.01796875 0.076171875 0.0296875
6 0.34609375 0.74296875 0.0875 0.0515625
5 0.271875 0.021875 0.07265625 0.0296875
5 0.34609375 0.19453125 0.076171875 0.048046875
3 0.271875 0.42421875 0.078515625 0.048046875
3 0.8703125 0.46796875 0.06015625 0.04375
3 0.0484375 0.421875 0.072265625 0.047265625
3 0.4984375 0.91484375 0.078515625 0.023828125
6 0.0453125 0.23828125 0.084375 0.04375
3 0.79609375 0.51484375 0.076171875 0.045703125
6 0.8703125 0.515625 0.06015625 0.04765625
10 0.19921875 0.88984375 0.192578125 0.080078125
10 0.7328125 0.65390625 0.34140625 0.19609375
10 0.1265625 0.6953125 0.102734375 0.091015625
6 0.7203125 0.37890625 0.08125 0.04921875
5 0.0046875 0.65390625 0.009375 0.053125
6 0.19765625 0.05703125 0.08125 0.0515625
10 0.42265625 0.23046875 0.1875 0.130078125
6 0.57421875 0.5625 0.084375 0.04921875
10 0.0515625 0.84296875 0.10234375 0.16328125
6 0.34609375 0.65234375 0.08125 0.04921875
10 0.19765625 0.23125 0.184375 0.128125
10 0.01796875 0.490625 0.0359375 0.0609375
6 0.6515625 0.05625 0.08984375 0.055859375
3 0.725 0.02109375 0.091015625 0.030078125
3 0.64765625 0.790625 0.08984375 0.0515625
6 0.86796875 0.884375 0.080078125 0.056640625
6 0.72734375 0.83828125 0.11015625 0.0640625
6 0.72421875 0.78984375 0.0984375 0.0578125
6 0.73046875 0.74296875 0.09375 0.060546875
6 0.71875 0.60625 0.07890625 0.0546875
6 0.27734375 0.834375 0.09375 0.047265625
6 0.57734375 0.515625 0.09296875 0.053125
6 0.87109375 0.37890625 0.086328125 0.063671875
0 0.853125 0.3359375 0.0875 0.049609375
8 0.5296875 0.47578125 0.1375 0.0625
9 0.53359375 0.4625 0.054296875 0.034375
6 0.7265625 0.91796875 0.103515625 0.036328125