6 0.57578125 0.80078125 0.09609375 0.05390625
5 0.5796875 0.7515625 0.07890625 0.04609375
5 0.43046875 0.659375 0.07578125 0.04921875
6 0.5875 0.3421875 0.108984375 0.059765625
10 0.65859375 0.33828125 0.11484375 0.10078125
3 0.20859375 0.890625 0.07890625 0.04609375
5 0.053125 0.43125 0.08125 0.047265625
6 0.284375 0.2484375 0.084375 0.053125
5 0.20859375 0.52265625 0.07890625 0.04765625
5 0.13125 0.4296875 0.075390625 0.047265625
3 0.1296875 0.84375 0.078515625 0.047265625
5 0.43671875 0.7046875 0.07578125 0.04765625
5 0.65078125 0.15390625 0.06328125 0.04765625
5 0.35625 0.7046875 0.078515625 0.047265625
3 0.65546875 0.478125 0.079296875 0.049609375
3 0.5796875 0.43125 0.07890625 0.04765625
3 0.20859375 0.1109375 0.079296875 0.046484375
3 0.43046875 0.1546875 0.07578125 0.04921875
6 0.35625 0.02578125 0.084375 0.03671875
5 0.20703125 0.61484375 0.076171875 0.048046875
10 0.65703125 0.65859375 0.123828125 0.103125
4 0.2828125 0.84375 0.03984375 0.018359375
10 0.0859375 0.1671875 0.171875 0.190625
3 0.7328125 0.88984375 0.075390625 0.04375
6 0.8703125 0.52421875 0.06015625 0.053125
3 0.1296875 0.103125 0.072265625 0.03203125
10 0.07421875 0.646875 0.148046875 0.12578125
3 0.43046875 0.3390625 0.08125 0.047265625
6 0.42890625 0.53046875 0.084375 0.040625
4 0.13515625 0.79921875 0.0453125 0.0328125
6 0.20703125 0.7515625 0.08125 0.046484375
6 0.44140625 0.109375 0.096875 0.05546875
10 0.50625 0.103125 0.184375 0.125
10 0.2828125 0.646875 0.202734375 0.130859375
6 0.20859375 0.0265625 0.07890625 0.03515625
6 0.42890625 0.9171875 0.084375 0.018359375
6 0.58125 0.2484375 0.0875 0.056640625
10 0.871875 0.090625 0.05703125 0.0609375
6 0.8125 0.89140625 0.0875 0.0515625
6 0.73671875 0.84453125 0.088671875 0.054296875
10 0.84609375 0.83125 0.0484375 0.025390625
4 0.659375 0.5265625 0.04921875 0.034765625
4 0.88046875 0.43203125 0.0515625 0.0328125
6 0.66015625 0.79921875 0.094921875 0.0640625
6 0.73359375 0.79609375 0.0828125 0.051171875
10 0.65234375 0.06328125 0.18359375 0.12265625