5 0.3203125 0.22578125 0.07890625 0.04765625
5 0.1734375 0.81953125 0.07578125 0.04609375
6 0.47265625 0.17890625 0.08125 0.048828125
6 0.24453125 0.54375 0.084375 0.053125
6 0.69921875 0.54375 0.0875 0.053125
3 0.25078125 0.0875 0.079296875 0.046484375
5 0.10546875 0.7296875 0.0546875 0.046484375
6 0.321875 0.13203125 0.08125 0.0515625
6 0.0984375 0.1796875 0.08125 0.04765625
6 0.39765625 0.81796875 0.0875 0.0515625
6 0.3203125 0.31484375 0.084375 0.04921875
10 0.625 0.6328125 0.115234375 0.099609375
3 0.1734375 0.40625 0.07578125 0.04921875
3 0.47265625 0.040625 0.076171875 0.047265625
3 0.1 0.40703125 0.072265625 0.048046875
10 0.0828125 0.4625 0.165625 0.190625
5 0.1734375 0.90625 0.075390625 0.037109375
6 0.39453125 0.040625 0.07578125 0.04765625
3 0.84453125 0.31796875 0.06953125 0.0421875
3 0.39765625 0.45390625 0.076171875 0.045703125
9 0.5828125 0.53671875 0.137890625 0.08125
5 0.625 0.45390625 0.078515625 0.045703125
3 0.1734375 0.26875 0.07578125 0.04609375
3 0.85234375 0.45390625 0.084375 0.04609375
4 0.24609375 0.73125 0.0390625 0.02421875
6 0.0953125 0.31484375 0.07578125 0.04921875
6 0.62421875 0.08515625 0.08125 0.04921875
4 0.625 0.821875 0.0359375 0.021875
6 0.69296875 0.86640625 0.08125 0.0515625
10 0.6453125 0.24296875 0.075390625 0.0828125
6 0.1734375 0.315625 0.08125 0.04765625
6 0.62421875 0.1328125 0.08125 0.04921875
3 0.771875 0.86640625 0.08125 0.04765625
10 0.05 0.90390625 0.1 0.0421875
3 0.625 0.77578125 0.07890625 0.04375
10 0.625 0.3578125 0.19296875 0.128125
3 0.55 0.72890625 0.09453125 0.05625
3 0.40234375 0.63828125 0.09609375 0.06171875
3 0.0984375 0.0390625 0.084375 0.05234375
9 0.48671875 0.64765625 0.105078125 0.078125
9 0.47421875 0.4578125 0.16796875 0.0890625