5 0.2359375 0.3953125 0.07890625 0.04921875
3 0.53359375 0.1671875 0.076171875 0.047265625
5 0.2359375 0.03125 0.07890625 0.04375
6 0.09296875 0.2171875 0.095703125 0.06015625
5 0.15859375 0.17265625 0.076171875 0.040625
6 0.46484375 0.3984375 0.10625 0.06171875
5 0.4640625 0.3515625 0.07578125 0.04609375
5 0.76171875 0.5796875 0.079296875 0.047265625
3 0.61015625 0.2140625 0.07890625 0.04921875
3 0.4625 0.7640625 0.084375 0.055859375
5 0.53359375 0.76328125 0.06953125 0.04375
6 0.4625 0.075 0.090625 0.0515625
3 0.4625 0.8578125 0.078515625 0.053125
6 0.61953125 0.903125 0.104296875 0.05546875
4 0.6875 0.9046875 0.04453125 0.025390625
6 0.76015625 0.44140625 0.0875 0.053125
6 0.38671875 0.30390625 0.084375 0.04921875
3 0.3125 0.0296875 0.07578125 0.04765625
3 0.540625 0.3984375 0.072265625 0.047265625
3 0.84296875 0.53203125 0.084375 0.048046875
3 0.02578125 0.90078125 0.0515625 0.0515625
4 0.234375 0.9046875 0.04453125 0.025390625
3 0.75703125 0.671875 0.069921875 0.047265625
10 0.4625 0.6625 0.193359375 0.128125
3 0.6859375 0.6265625 0.072265625 0.046484375
10 0.23984375 0.5859375 0.2625 0.1890625
3 0.02421875 0.5796875 0.0484375 0.04765625
5 0.465625 0.48515625 0.07890625 0.0421875
6 0.16015625 0.8546875 0.084375 0.05234375
3 0.2359375 0.80859375 0.07890625 0.04609375
3 0.61015625 0.6265625 0.07890625 0.04609375
10 0.76875 0.9140625 0.11171875 0.02578125
10 0.2375 0.2390625 0.1 0.05703125
10 0.4609375 0.02265625 0.062890625 0.03125
10 0.034375 0.190625 0.06875 0.1875
10 0.859375 0.43203125 0.0875 0.115625
1 0.13125 0.78828125 0.17421875 0.076953125
8 0.2234375 0.74375 0.153125 0.05859375
9 0.21171875 0.715625 0.059375 0.0484375
10 0.38359375 0.42265625 0.084375 0.053125
3 0.3890625 0.671875 0.09375 0.05859375
3 0.39375 0.62421875 0.09453125 0.05703125
6 0.0890625 0.58203125 0.084375 0.0546875
3 0.89296875 0.53125 0.0421875 0.05859375
3 0.3140625 0.16796875 0.0921875 0.05859375
0 0.85078125 0.33515625 0.0875 0.05078125
6 0.5375 0.57890625 0.09921875 0.059375
6 0.61640625 0.490625 0.09296875 0.05703125
6 0.54453125 0.35390625 0.0984375 0.0609375
6 0.615625 0.76328125 0.109375 0.0640625
6 0.3125 0.76171875 0.0890625 0.0609375