5 0.8734375 0.8703125 0.0546875 0.04921875
5 0.13125 0.8265625 0.07578125 0.04609375
5 0.1328125 0.596875 0.07265625 0.04609375
5 0.734375 0.77890625 0.07890625 0.04609375
5 0.65703125 0.04765625 0.07578125 0.04765625
3 0.20859375 0.8265625 0.07890625 0.04609375
5 0.7359375 0.8265625 0.07578125 0.04609375
6 0.42578125 0.1375 0.103125 0.05078125
6 0.50390625 0.14140625 0.11796875 0.05859375
3 0.5046875 0.09140625 0.07890625 0.04375
5 0.65546875 0.82578125 0.07890625 0.04765625
6 0.284375 0.01796875 0.084375 0.021875
3 0.3609375 0.91015625 0.07578125 0.0328125
5 0.26875 0.2296875 0.0484375 0.04375
3 0.734375 0.4578125 0.07890625 0.04609375
3 0.434375 0.2296875 0.1109375 0.05625
3 0.5078125 0.2296875 0.07890625 0.04765625
3 0.20703125 0.32265625 0.07578125 0.04765625
6 0.20703125 0.77890625 0.08125 0.04609375
6 0.05625 0.596875 0.08125 0.04921875
3 0.1328125 0.41015625 0.07265625 0.0421875
9 0.37421875 0.52109375 0.13828125 0.08046875
5 0.43515625 0.5515625 0.07265625 0.04921875
6 0.7328125 0.64296875 0.08125 0.04921875
10 0.1328125 0.66796875 0.096875 0.0546875
6 0.58359375 0.13984375 0.090625 0.065625
6 0.65078125 0.13828125 0.06953125 0.053125
3 0.28515625 0.3671875 0.08125 0.04765625
3 0.05625 0.4109375 0.07578125 0.04375
10 0.35625 0.76796875 0.1875 0.1265625
3 0.009375 0.2296875 0.01796875 0.04765625
5 0.50625 0.73515625 0.08125 0.04921875
6 0.8703125 0.3671875 0.06015625 0.04765625
3 0.009375 0.91015625 0.01796875 0.0328125
6 0.43515625 0.01796875 0.084375 0.021875
3 0.871875 0.55078125 0.05703125 0.04765625
10 0.5828125 0.76484375 0.19921875 0.13203125
6 0.596875 0.3671875 0.10546875 0.0515625
4 0.134375 0.1859375 0.03359375 0.0203125
6 0.51015625 0.909375 0.096875 0.0375
6 0.50625 0.86796875 0.0875 0.04765625
6 0.359375 0.86875 0.084375 0.04921875
6 0.3578125 0.596875 0.08125 0.04921875
6 0.0109375 0.275 0.02109375 0.0515625
4 0.20859375 0.596875 0.0359375 0.0203125
4 0.42890625 0.91953125 0.03046875 0.01796875
6 0.871875 0.90859375 0.05703125 0.03671875
9 0.5 0.6484375 0.12109375 0.0859375
10 0.35625 0.2875 0.24765625 0.19296875
4 0.5859375 0.55390625 0.0390625 0.0234375
9 0.15390625 0.52421875 0.15390625 0.07109375
5 0.13046875 0.4984375 0.090625 0.03984375
9 0.83046875 0.4734375 0.1 0.0796875