6 0.21015625 0.39921875 0.08125 0.053125
5 0.28671875 0.44375 0.079296875 0.047265625
6 0.28515625 0.16875 0.08125 0.0515625
3 0.05859375 0.903125 0.076171875 0.04375
5 0.05859375 0.490625 0.076171875 0.049609375
5 0.66015625 0.078125 0.076171875 0.049609375
5 0.5859375 0.67265625 0.07890625 0.04609375
5 0.28671875 0.5828125 0.079296875 0.049609375
3 0.3625 0.2625 0.078515625 0.047265625
6 0.584375 0.53515625 0.0875 0.053125
3 0.44140625 0.30625 0.07890625 0.04765625
3 0.43984375 0.71953125 0.07578125 0.04765625
5 0.3625 0.85625 0.07265625 0.04921875
3 0.5859375 0.76640625 0.07890625 0.04609375
5 0.66015625 0.12421875 0.07578125 0.04921875
3 0.51484375 0.71796875 0.06953125 0.04609375
3 0.28671875 0.85625 0.079296875 0.049609375
6 0.43671875 0.58359375 0.0875 0.0515625
10 0.1 0.678125 0.193359375 0.184765625
3 0.66328125 0.62734375 0.076171875 0.04375
10 0.79921875 0.8703125 0.20859375 0.11171875
3 0.21171875 0.71953125 0.07265625 0.04765625
6 0.06328125 0.85625 0.09765625 0.05234375
6 0.1359375 0.8578125 0.084375 0.049609375
10 0.83828125 0.4859375 0.1359375 0.19765625
3 0.1359375 0.2625 0.078515625 0.047265625
10 0.21015625 0.540625 0.10546875 0.10078125
10 0.28515625 0.75390625 0.208203125 0.132421875
6 0.3625 0.67265625 0.084375 0.045703125
5 0.43671875 0.0328125 0.069921875 0.04375
4 0.51328125 0.9046875 0.0359375 0.02578125
6 0.43828125 0.8578125 0.084375 0.04921875
10 0.734375 0.5296875 0.184765625 0.141015625
6 0.8109375 0.446875 0.075390625 0.056640625
10 0.51328125 0.06796875 0.19921875 0.13203125
6 0.8125 0.3515625 0.090234375 0.053515625
3 0.8734375 0.35625 0.0546875 0.040625
10 0.8671875 0.07265625 0.07265625 0.09375
6 0.01328125 0.8578125 0.0265625 0.053125
6 0.06171875 0.33203125 0.09375 0.0546875
10 0.28515625 0.071875 0.190625 0.13203125
3 0.7421875 0.628125 0.084375 0.04765625
6 0.66328125 0.903125 0.084375 0.05546875
4 0.5078125 0.2625 0.047265625 0.028125
4 0.3609375 0.21953125 0.03359375 0.026171875
8 0.3859375 0.49140625 0.15703125 0.0625
9 0.3859375 0.47265625 0.065234375 0.046875