5 0.6828125 0.3671875 0.07890625 0.04375
10 0.75546875 0.83125 0.26015625 0.1875
5 0.6828125 0.45859375 0.07890625 0.04765625
3 0.2328125 0.5046875 0.07890625 0.04765625
5 0.38515625 0.1828125 0.07578125 0.04921875
3 0.3078125 0.23046875 0.07890625 0.04609375
6 0.45625 0.50390625 0.084375 0.04921875
3 0.38359375 0.6859375 0.07890625 0.04765625
5 0.02421875 0.68515625 0.0484375 0.04921875
10 0.08125 0.59453125 0.11484375 0.103125
5 0.53203125 0.59375 0.07265625 0.04609375
6 0.6640625 0.13671875 0.04921875 0.0640625
3 0.76171875 0.09140625 0.07890625 0.04375
6 0.309375 0.77890625 0.0875 0.04921875
3 0.6828125 0.73203125 0.07890625 0.04765625
6 0.4546875 0.77734375 0.0875 0.053125
3 0.53203125 0.2296875 0.07890625 0.04765625
3 0.2328125 0.7328125 0.07890625 0.04921875
5 0.0796875 0.09140625 0.08125 0.04375
3 0.07890625 0.8703125 0.07890625 0.04921875
10 0.57109375 0.6359375 0.1875 0.11171875
6 0.10390625 0.73359375 0.0578125 0.065625
4 0.234375 0.690625 0.03359375 0.0203125
6 0.76015625 0.41015625 0.08828125 0.06328125
6 0.83359375 0.41171875 0.084375 0.04921875
3 0.15703125 0.82578125 0.07890625 0.04765625
3 0.76015625 0.7296875 0.07578125 0.0421875
4 0.3109375 0.68984375 0.03046875 0.01796875
3 0.02421875 0.36484375 0.0484375 0.04765625
4 0.23125 0.87265625 0.03359375 0.02421875
10 0.53046875 0.778125 0.12421875 0.103125
6 0.4625 0.13671875 0.096875 0.053125
4 0.08125 0.4625 0.0359375 0.021875
6 0.88515625 0.36484375 0.0359375 0.0515625
10 0.38359375 0.05625 0.24140625 0.10859375
10 0.08125 0.27265625 0.11484375 0.096875
8 0.40859375 0.409375 0.1328125 0.0609375
9 0.4140625 0.3875 0.03671875 0.04609375
9 0.465625 0.390625 0.0515625 0.05546875
8 0.58828125 0.290625 0.11640625 0.06171875
9 0.5859375 0.2828125 0.0546875 0.0515625
6 0.53984375 0.04453125 0.09296875 0.06875
6 0.6734375 0.0453125 0.06328125 0.05625
2 0.840625 0.66171875 0.10859375 0.07734375
6 0.8890625 0.59765625 0.0390625 0.05703125
6 0.83671875 0.90703125 0.1015625 0.04296875
11 0.14921875 0.30390625 0.0703125 0.059375
2 0.4953125 0.96953125 0.096875 0.0609375
2 0.609375 0.96484375 0.10625 0.0609375
2 0.71953125 0.96640625 0.1171875 0.0671875