5 0.20390625 0.72734375 0.07578125 0.04921875
5 0.8703125 0.54375 0.06015625 0.04609375
5 0.5 0.90625 0.07578125 0.040625
5 0.278125 0.26796875 0.07265625 0.04765625
5 0.65390625 0.4046875 0.076171875 0.049609375
5 0.2796875 0.36171875 0.075390625 0.048046875
3 0.2796875 0.17734375 0.075390625 0.048828125
6 0.20078125 0.22421875 0.0875 0.04765625
6 0.50859375 0.36171875 0.095703125 0.057421875
5 0.4984375 0.31484375 0.07890625 0.04609375
5 0.64921875 0.26796875 0.06640625 0.04765625
4 0.13046875 0.36328125 0.0375 0.03984375
6 0.20078125 0.36171875 0.08125 0.0515625
4 0.21328125 0.63515625 0.053125 0.030078125
5 0.278125 0.58984375 0.07265625 0.04609375
6 0.1265625 0.45078125 0.084375 0.04921875
4 0.12890625 0.178125 0.0375 0.03125
3 0.20234375 0.175 0.07265625 0.04609375
6 0.34921875 0.1328125 0.08125 0.049609375
3 0.34921875 0.08515625 0.07578125 0.04609375
3 0.57890625 0.315625 0.076171875 0.047265625
3 0.35078125 0.58984375 0.079296875 0.045703125
6 0.5015625 0.17734375 0.084375 0.053125
5 0.8703125 0.590625 0.06015625 0.04765625
3 0.5 0.6796875 0.075390625 0.046484375
5 0.79921875 0.58828125 0.07578125 0.04921875
3 0.1265625 0.590625 0.078515625 0.047265625
4 0.725 0.73046875 0.0421875 0.021875
3 0.128125 0.67890625 0.075390625 0.048046875
6 0.20234375 0.54375 0.084375 0.04921875
6 0.35234375 0.22421875 0.08125 0.048046875
6 0.046875 0.36171875 0.0875 0.0515625
4 0.2046875 0.45234375 0.05546875 0.0421875
10 0.2796875 0.43203125 0.09375 0.053125
3 0.42578125 0.13125 0.073046875 0.049609375
5 0.65390625 0.496875 0.076171875 0.047265625
10 0.5 0.53671875 0.184375 0.1265625
3 0.65390625 0.77265625 0.07578125 0.04765625
4 0.57578125 0.68359375 0.03359375 0.0203125
4 0.7296875 0.315625 0.0390625 0.021875
6 0.65390625 0.63203125 0.08125 0.045703125
10 0.73125 0.53125 0.19921875 0.12265625
6 0.42421875 0.86484375 0.08125 0.04921875
10 0.2796875 0.79921875 0.1 0.057421875
3 0.57734375 0.72734375 0.07890625 0.04921875
6 0.65234375 0.6796875 0.084375 0.04921875
6 0.728125 0.8171875 0.090625 0.053125
6 0.5 0.63203125 0.08125 0.04921875
10 0.05 0.7328125 0.1 0.193359375
6 0.42109375 0.31484375 0.076171875 0.048828125
6 0.34921875 0.540625 0.08125 0.046484375
4 0.35234375 0.36328125 0.0390625 0.017578125
6 0.009375 0.22265625 0.01796875 0.053125
10 0.496875 0.075 0.256640625 0.146875
3 0.12890625 0.01328125 0.08984375 0.01953125
3 0.6609375 0.0125 0.084375 0.0234375
4 0.20625 0.8625 0.053125 0.03828125
4 0.353125 0.81875 0.049609375 0.022265625
4 0.64921875 0.225 0.061328125 0.034375
4 0.346875 0.04375 0.046875 0.03046875
1 0.42421875 0.440625 0.12265625 0.1015625
8 0.4765625 0.48359375 0.152734375 0.059375
9 0.46015625 0.46484375 0.06484375 0.04609375