6 0.634375 0.91171875 0.07421875 0.036328125
5 0.6359375 0.871875 0.075390625 0.04375
5 0.48359375 0.78046875 0.07890625 0.04921875
5 0.4890625 0.82578125 0.072265625 0.048046875
5 0.2625 0.5046875 0.078515625 0.047265625
5 0.1859375 0.553125 0.075390625 0.049609375
6 0.33515625 0.36875 0.084375 0.0515625
3 0.634375 0.553125 0.078515625 0.049609375
5 0.4140625 0.05078125 0.078515625 0.045703125
3 0.71015625 0.59921875 0.07890625 0.04921875
6 0.04140625 0.55234375 0.082421875 0.054296875
5 0.10859375 0.553125 0.07265625 0.04921875
6 0.10703125 0.415625 0.0875 0.053125
6 0.3328125 0.140625 0.096875 0.06796875
6 0.4109375 0.1421875 0.084375 0.053125
5 0.2625 0.64375 0.078515625 0.047265625
3 0.26171875 0.2328125 0.076171875 0.047265625
6 0.1859375 0.01953125 0.0875 0.023828125
5 0.4109375 0.82578125 0.07890625 0.04765625
10 0.1203125 0.2875 0.2390625 0.19296875
3 0.1875 0.23203125 0.072265625 0.045703125
10 0.33671875 0.76875 0.201953125 0.128125
5 0.02578125 0.23125 0.0515625 0.040625
6 0.6359375 0.46328125 0.09609375 0.058203125
10 0.70859375 0.459375 0.12421875 0.10078125
10 0.1328125 0.77265625 0.13359375 0.128125
6 0.71640625 0.9109375 0.08359375 0.04296875
6 0.78984375 0.91015625 0.0859375 0.041796875
3 0.8640625 0.91171875 0.07265625 0.0328125
10 0.65390625 0.16171875 0.05703125 0.08046875
10 0.56171875 0.22578125 0.1875 0.125
5 0.2625 0.73671875 0.07890625 0.04609375
3 0.26171875 0.09375 0.076171875 0.047265625
10 0.71015625 0.7796875 0.11484375 0.09921875
4 0.71328125 0.64609375 0.0359375 0.017578125
3 0.48359375 0.2796875 0.079296875 0.046484375
4 0.184375 0.91796875 0.030859375 0.016796875
3 0.10859375 0.91171875 0.079296875 0.0328125
6 0.26171875 0.140625 0.08125 0.04921875
4 0.8640625 0.875 0.0359375 0.01796875
1 0.415625 0.5078125 0.1890625 0.07734375
3 0.4890625 0.4625 0.072265625 0.05078125
4 0.33515625 0.55390625 0.0359375 0.026171875
10 0.78515625 0.06796875 0.19296875 0.103125
4 0.64140625 0.3265625 0.05 0.025
6 0.56484375 0.01796875 0.10625 0.0328125